361.074383446  821.8
-931.45187061  890.8
69.2001866266  553.36
562.39666804  820.6
-1009.74524825  946.0
1833.34674791  929.0
-499.919397214  552.0
-507.853704867  575.44
-401.899985526  440.73
-765.821108563  989.4
-1131.15668642  843.6
-766.00951197  952.2
-1258.40096672  914.2
1171.1126476  860.6
-590.38239402  847.4
84.24923591  901.0
-913.462636418  800.8
239.119589379  845.6
-773.257805602  850.4
-235.673038568  894.8
-1161.51483206  889.6
85.2814182826  834.6
23.1162235296  289.36
434.525926759  771.8
-353.461264878  909.6
-660.158930383  727.4
-807.369306222  952.8
-342.509596304  576.8
157.859214201  903.2
386.162428653  975.0
-222.754285446  826.4
56.4137619427  269.12
776.393282866  988.2
-1025.21979895  830.6
-1408.17526241  981.8
180.56619571  996.2
-19.8226163067  868.2
542.440133361  435.06
88.5076969474  842.8
-231.370694521  996.4
1062.04188997  982.8
-599.293473032  714.0
401.219028292  743.8
1029.71609715  810.8
-744.615152928  788.0
-1115.0720811  885.6
1848.5319013  972.2
1211.95587976  760.4
624.985058181  865.6
26.5710116429  804.4
862.699248502  783.8
-291.748138366  644.6
-756.28770067  409.4
-42.7851085942  867.6
-221.399126113  527.4
-681.843957432  742.8
167.487904461  917.2
85.0018808396  808.6
-961.730943315  969.2
-918.699158187  681.6
-86.7129114009  770.6
613.981917643  940.4
-1653.16594377  996.6
-660.538502193  966.6
-1039.33630528  944.0
2833.22427765  920.4
-1091.7842957  987.6
2166.4550624  916.2
-2265.58425053  857.0
-211.194063942  668.6
-623.614778812  549.6
-516.555299187  994.2
370.163560604  976.2
-940.421884964  904.2
451.424669263  991.2
-350.105244104  521.91
2210.35968172  982.0
-324.061425327  962.4
-956.878757784  818.6
-1180.03137396  868.0
-228.176239733  845.6
-547.792328689  730.2
-1169.63204461  926.8
-587.333460099  908.8
29.3710429458  575.19
-356.055730119  766.0
-280.875941214  463.4
-902.967243912  976.5
-1002.04520503  926.0
-62.4847143117  913.4
586.523036371  986.8
1682.53601046  987.6
-820.210507059  955.0
49.4684716937  846.6
-62.5489798823  988.8
-287.427901737  415.71
375.274783744  742.2
-656.804925222  957.2
-971.660747987  989.2
-201.048035998  969.6
-821.023809597  858.0
185.538632766  842.8
-917.446881457  858.6
-520.130226313  909.8
481.399747738  936.0
271.910893671  840.8
-1468.90329592  914.2
-1023.70544124  841.2
-2666.34527496  864.2
-125.658582858  985.2
-791.303494457  870.2
-188.558079769  883.2
-1519.00579071  989.0
-2926.82182053  991.0
-1601.19329683  906.32
-71.2660944165  647.2
-469.851083101  412.8
-408.112530012  492.8
-1522.71801456  904.4
-1170.16057416  898.4
44.9710193139  473.0
-380.465695709  808.6
-1811.14204813  995.25
-300.318406823  755.2
-71.451623361  443.2
659.67611326  399.92
824.809478988  965.6
55.8219638319  394.08
-1900.16044057  908.73
-820.940714111  942.54
161.133773022  868.4
610.24685835  955.2
942.959072278  952.0
-872.595799719  664.6
-594.89574626  878.6
-624.605926121  939.4
-896.03825622  658.2
-521.487569728  988.0
-1526.9404936  890.6
332.546831704  981.8
-250.320637884  666.8
-1479.81831243  917.2
981.973553897  999.8
1036.55914961  830.0
1099.56941018  687.8
1186.8086919  911.4
-1011.2907754  784.6
-63.6010878055  420.2
470.381807177  934.0
-823.111380685  949.0
-331.312170444  975.2
-911.492733362  987.2
-823.942712088  412.0
229.472317938  670.4
-177.615715249  281.4
809.78420951  933.2
-31.0151885164  963.4
-770.05138202  447.6
187.911216053  698.2
-1048.17529817  448.2
-145.457296961  955.19
-745.417162505  440.0
-1202.96971166  964.4
-295.573995334  435.6
449.589461708  406.2
688.496200459  781.8
-980.080897754  305.68
25.982882215  937.71
1160.7936746  476.6
-786.260687152  989.0
-1654.52825158  915.4
264.129161893  432.2
-599.001194267  422.0
-762.59506585  947.8
-283.389443936  427.6
-1399.48194591  485.6
-671.352018004  979.75
-164.944187686  481.8
355.591684072  295.68
510.874630982  922.0
-284.065908601  411.8
53.7883091957  402.75
-486.88115132  495.8
205.941745248  877.0
260.512413417  981.0
-2016.96592191  772.2
970.578983277  952.89
-128.359687297  754.8
341.095285011  983.4
-1455.33107977  893.6
274.173067683  958.2
544.010904701  503.55
978.62041882  995.4
1251.94733986  510.2
630.965917882  697.0
-902.939020689  501.4
-755.526959403  845.2
-195.360674668  334.48
-491.818144594  817.2
-146.187833508  493.0
366.884666481  645.6
-352.041138184  717.8
142.174484349  257.85
54.425742082  977.22
-323.411390828  800.8
-87.1693778261  983.8
-479.542348671  914.2
496.697357809  602.8
258.833112468  802.8
-204.539057216  927.8
-662.564933643  539.4
29.1823142254  500.8
-746.580703473  931.0
-525.172960245  862.4
-472.267524289  983.8
-137.735749914  848.2
-483.917421086  568.4
-1813.20564056  982.4
-1437.18071399  880.8
562.238100833  391.36
338.623295878  945.6
-40.9404144826  961.4
-894.033730188  900.2
-1656.84273631  890.0
683.766590436  493.2
-884.217818178  867.0
-2645.35212546  779.6
-1187.81384278  796.2
168.465333253  938.0
760.429989809  517.8
807.971418173  647.2
16.3631557421  652.8
-326.514305789  477.8
-461.511834719  778.2
527.140867415  980.2
1476.43050987  531.8
448.794692826  569.0
-889.16533226  886.0
376.786352653  932.6
1523.42934665  940.4
-351.051369014  771.0
-1314.1014162  928.97
-661.225968572  946.0
-172.910360084  857.2
-669.919199573  974.75
-38.9570321457  961.8
758.310843783  950.4
1325.48958762  933.2
-327.54943994  971.2
894.543242366  933.0
1637.26290591  967.4
-1300.67693064  896.6
-1029.70869535  991.8
732.684002765  870.4
-503.493074868  876.4
-420.008966404  960.8
-2093.81629898  940.0
-954.784405507  943.4
-139.534877847  843.8
-814.988588704  879.2
43.81406812  834.0
-520.756825198  914.4
-428.54168917  395.82
-1372.16522107  899.8
1244.53118072  930.6
2164.71106145  904.6
994.671040505  960.6
968.707679419  866.4
23.6047265575  833.8
-360.062164967  964.2
-1320.36931269  932.4
418.736499092  916.8
437.339038729  959.8
0.432519693847  781.0
-236.904653986  890.2
-352.880749966  432.2
1124.05152959  921.6
-399.658320525  955.6
250.672497913  514.0
-270.307833506  896.2
-816.492394176  950.6
-437.960069117  947.2
-459.761116784  459.99
-1453.51301425  988.2
-1838.13478009  834.0
936.34371347  996.0
-815.522156928  835.2
-766.823821596  941.6
1139.22890274  988.0
17.2775960465  938.0
-663.520424975  830.2
451.327131301  650.0
-793.642783473  988.2
-2012.1070256  629.4
-279.937965819  806.2
-567.221398531  639.0
-1201.01281603  610.6
88.1216379639  978.2
-502.66598761  863.0
-787.999489017  631.2
-794.691986987  637.2
-1226.32590692  659.2
-1917.97385282  861.4
475.723170955  825.4
788.095159634  873.0
666.838792769  809.4
247.154146927  862.0
1351.74085373  950.8
-922.096458196  957.0
-1606.88062315  821.8
-121.018514174  958.6
-1391.2605931  829.8
-1529.6896563  934.0
-1498.23076038  796.6
-1021.56915398  446.6
742.606949746  907.2
-550.043185408  702.4
1034.14824382  945.4
-670.015930982  842.4
-269.059513557  832.8
-142.029578282  815.6
429.51613553  970.6
-1341.62419677  666.4
-2112.85835441  917.4
321.778210721  551.2
1103.96476995  700.6
-360.141002982  730.8
-288.900171241  941.8
1864.32575766  674.2
-1993.64886115  788.94
-652.145220515  898.6
-773.197174851  707.4
-1076.60988796  816.8
-898.372174887  952.0
-165.936227471  423.2
910.240991969  856.8
1703.96039488  770.4
-680.23644499  702.2
-116.209877229  409.2
-661.349691886  747.8
725.689645309  749.4
-249.254309385  945.6
278.050455974  910.2
-433.415287618  710.6
-1137.96915291  969.8
947.04402854  997.8
1569.86837078  924.8
-1372.50464583  790.2
-1101.18282445  967.38
-916.703398434  843.8
1715.69940925  794.6
1502.80189656  953.8
-387.456827186  770.8
868.277842221  946.8
390.823198914  947.2
1484.54861775  999.2
-1248.61628099  946.2
224.428297722  789.4
-630.942833898  928.0
-1084.22796259  910.2
459.50123154  886.4
-36.6833691342  495.36
-193.485497953  625.04
1336.2499048  849.6
-65.0772155781  819.8
-373.452341019  975.8
718.315161565  326.0
56.8801045081  928.8
-523.671109309  909.0
522.763981688  709.0
425.850805201  910.4
1279.39107984  806.2
947.334724079  711.6
-1706.86351584  849.78
-457.72705151  478.0
53.0127662768  940.8
-1141.48361258  895.0
-652.070144693  953.2
845.50223603  839.6
-539.063167595  781.0
-825.559235867  876.6
1487.62587694  872.4
335.88439914  978.2
-1332.19257391  853.0
-488.393990965  661.4
747.069627716  664.2
1016.60376149  874.2
1454.76725038  994.6
-144.319313611  871.4
-369.497946265  831.8
507.88070427  980.8
1255.26609436  899.2
-1127.78870012  787.4
-69.1372724627  759.8
516.870141654  958.2
771.9112163  526.72
275.299178667  507.8
-106.523810668  926.0
-200.619723618  937.6
-1219.20185317  966.0
-1789.72474092  989.8
-7.87759046669  790.2
-487.0518772  654.6
-987.835072889  910.8
-48.55587806  858.4
-821.673031192  992.4
945.019966165  688.4
103.919873434  673.0
458.291977436  554.76
394.065565571  866.16
409.358261383  672.2
-1089.61747368  965.0
81.5424243303  782.8
324.890806032  594.4
1865.48152502  933.6
-251.321573635  954.4
259.864801316  684.8
-219.572143432  462.8
342.059884774  571.0
692.3630952  524.72
14.2278624797  488.8
-1285.01858933  567.4
-726.632556233  421.6
-483.24910957  460.8
-873.824602531  528.4
1346.29845651  836.4
1318.77333416  491.6
567.456295694  471.2
509.154730194  586.2
2055.49844479  998.6
-498.163408855  631.0
-263.586290108  443.6
-14.9558046518  350.84
431.839547404  804.0
-91.7486115646  476.4
37.6373251092  514.0
1273.34963882  959.2
-222.922845051  345.52
11.3723868323  924.0
-124.074644591  922.4
679.64175226  774.2
-87.2035580577  545.4
-375.358357592  766.8
218.604553363  453.4
-124.519530835  564.2
-659.48807608  769.4
-865.230352683  766.6
-2184.8581384  817.4
-879.532432351  753.8
-644.694416229  843.8
493.29680351  870.6
479.151425796  983.8
-947.341281962  956.2
-221.626970494  428.2
1720.25291316  906.6
-982.501143348  964.0
620.74529244  915.2
1451.21210199  980.0
469.053007949  510.21
1508.38435195  995.8
-1150.1166606  747.63
-1513.30171075  845.75
-1283.23454816  933.11
-1264.42792703  836.05
-1101.7848224  991.53
-340.935744634  921.15
472.972127595  510.3
-879.895766747  975.43
-2178.17439629  934.03
112.251921639  433.6
-1320.47388416  512.75
-67.1731437172  760.2
-1362.05281901  977.5
-801.228541454  921.38
-657.079552752  471.33
1113.9832047  998.8
511.130634785  836.28
-1511.64727699  722.6
-308.556675712  784.2
-916.363915658  834.0
650.140511208  282.8
1278.81391762  607.4
-484.971276108  801.8
462.727397319  960.4
-927.559018473  846.0
356.072737075  245.64
-457.496718503  535.05
-25.8749089901  797.6
515.74674602  799.2
823.692563878  813.8
-584.33471805  407.4
-622.746869427  732.4
-162.043547136  773.4
141.858323412  812.4
-934.415897046  809.8
-743.531878578  834.0
-1566.78833608  834.8
1367.48579639  786.4
552.505641273  874.0
-2266.65904204  890.0
-731.048115299  432.2
-59.0237376871  809.6
-340.840186062  813.2
-1581.86221971  483.6
-117.156995001  877.0
617.598574534  739.8
69.6771521649  886.0
-1164.72355302  813.2
-429.64018168  998.2
-920.597791543  579.6
256.350255246  693.0
1570.59046657  994.8
789.275822892  873.2
-306.485076777  833.0
390.698478986  984.2
-349.335254706  645.0
94.53119893  698.8
868.251302769  730.8
-507.643139717  903.2
1091.8896552  479.2
627.562688798  982.0
384.004413354  974.6
-1145.74572137  839.6
248.102427172  814.8
101.727593334  700.2
-1368.07957085  854.0
-415.482634747  914.4
442.446750923  490.8
587.519325972  943.4
-239.743967629  889.6
695.070879506  798.4
-1443.64325135  849.0
2722.49319916  966.6
-143.091094875  958.6
598.009248835  691.4
513.472445775  941.8
-1045.77928221  732.0
-552.887161929  729.0
744.674621057  990.6
-1231.26951191  945.0
896.617680261  349.92
-869.051705531  870.8
-960.986468865  925.6
-562.941708486  973.6
-1299.24116602  891.2
1416.18700183  659.4
-336.056604669  732.4
477.695230643  886.0
-56.5617263201  650.2
-1712.34052103  897.0
556.113704206  364.48
625.719673652  693.4
21.407817099  926.0
-787.92018811  900.8
440.607013872  920.8
-227.795380843  909.6
-1522.95452401  936.0
339.180384674  890.6
-706.462494515  558.0
506.552439641  898.6
129.377381273  938.8
-148.857044079  908.6
-346.81015237  902.0
485.296949678  980.8
80.8027474411  765.2
-740.515739673  907.2
-446.058190421  994.6
777.225706771  818.6
519.20222815  541.94
127.904899009  353.16
73.0534508958  832.2
61.5457389669  977.4
415.206828788  687.2
-436.360667089  732.6
925.099547126  723.8
149.068375233  465.93
469.768138056  459.2
302.761423236  713.6
298.137147743  860.4
322.847347835  963.2
183.437037789  861.2
-138.564995112  836.0
-2181.68830353  947.6
-392.887901318  793.6
335.703571035  463.0
-729.566200528  782.8
-221.727531443  893.4
-754.244955428  716.4
392.66795464  535.0
36.2034216665  403.02
-13.9219767008  994.0
837.26241492  979.2
-2376.05228921  992.2
70.3721832214  930.8
-429.86884858  568.8
-995.337053287  900.8
220.380650655  907.2
-194.493833651  943.4
-245.651470616  993.4
-1532.1235523  991.8
-443.399088992  815.4
-77.8320507492  868.6
-308.511417021  933.0
991.530107027  940.5
-339.855700962  643.8
1470.25266257  601.2
-668.750472033  919.2
-610.2549274  514.8
-318.137923573  847.2
1432.83644202  864.2
-937.871150251  942.2
425.620922257  551.6
-257.679243496  885.8
-551.027335475  683.2
-2272.53349431  837.2
218.099354368  918.8
-941.528736174  779.2
412.714606096  423.2
-353.892544136  989.8
-370.467819024  582.6
-1433.99317325  811.0
-665.669276931  666.6
374.648104157  429.0
-1284.79117852  610.8
384.159309367  560.0
-1799.70502746  787.0
-809.391013006  442.2
203.201524045  623.6
-729.103457171  616.4
-741.253276872  488.4
-1170.4817031  915.2
137.984143618  638.8
-138.052269251  749.2
-1123.64269919  513.5
1069.99676503  637.4
172.66793925  639.8
1037.3956059  521.82
386.650841959  958.6
-1216.0142499  677.0
-1090.42802888  571.2
-264.505701496  609.4
-30.5284243065  945.8
501.073710248  460.4
-525.037176521  597.4
30.0945603803  230.8
-987.884452846  913.4
450.661281648  464.4
-318.486571166  385.02
-712.881019364  577.2
150.04848549  433.2
533.015460297  799.0
-1465.33977712  795.4
423.768863637  401.2
770.901826806  836.8
-868.751923444  537.2
-836.733126963  951.0
-567.978838345  472.2
-393.169443584  887.4
-427.115765101  601.0
-1089.01855369  597.4
149.048545679  476.2
417.089738406  541.4
516.502727131  594.4
-873.140824574  874.8
382.151599975  568.8
-340.213939268  525.42
997.556609349  576.6
709.026594518  560.4
338.65419667  545.2
-482.423291095  412.0
384.222829252  384.16
-867.442141257  717.0
43.9671521799  409.2
1196.00678594  306.74
-163.2039071  324.48
-931.649408415  665.2
-766.987158202  433.4
-62.3234343187  410.6
-213.747460908  482.24
-793.105381773  879.6
342.170443011  879.8
-294.795029291  803.0
-742.189430574  989.6
58.8499692705  332.1
334.229797507  569.6
35.1756083207  723.96
448.304963622  326.06
523.39217399  935.8
757.959294872  538.11
317.25170656  473.0
-298.070447422  481.8
-2180.69678296  980.4
-971.815687991  757.0
182.256834275  562.95
185.063666706  839.0
-73.8490612266  440.6
876.121054677  884.4
-407.213677594  487.6
-208.885259886  594.4
23.1617219467  522.64
-1724.66000634  893.0
878.739757227  673.0
831.872859392  802.8
833.993722484  670.8
646.232241907  828.6
-1202.62148462  818.4
-1004.48201767  796.2
-73.303065696  487.0
-786.223194459  788.58
-1133.21804351  655.2
-387.543553663  337.0
354.217567144  744.6
-1052.38202952  509.6
-718.068892703  541.2
-83.5511588868  487.2
-218.360044522  577.8
129.574658167  669.0
-160.210769498  487.6
1505.66863062  716.4
-714.139029353  943.8
-66.4098248787  250.88
-246.852900538  438.2
-237.442605551  746.4
-216.451359734  852.2
290.005239101  928.4
-1016.43328844  817.8
959.62052535  988.4
-574.05610646  670.2
-322.418357877  405.0
304.779523996  678.6
-80.878861653  966.8
76.9823106624  967.2
441.668400496  610.2
-902.671335042  983.8
-546.757359415  952.2
510.289194305  993.6
629.456257579  829.0
-695.594246904  647.6
-692.410281268  596.8
-63.9477436559  808.6
-558.470206351  719.8
115.783541739  699.8
-576.734525125  780.6
131.315356606  604.6
1197.76655143  874.2
-831.052207091  821.8
-419.44727369  615.8
1057.17993239  827.2
-549.285723815  598.2
-929.513618034  844.92
604.197970252  916.0
-1106.85800142  829.2
-574.994149788  776.8
-1778.20145164  993.4
657.153745569  967.4
972.454483386  890.2
2147.03741725  922.2
-1734.74681333  700.8
2.02610933539  979.0
172.883932308  279.36
-922.113500527  698.0
416.991226366  964.2
-1940.06655541  970.4
-361.945285739  715.6
579.813443562  985.6
17.8828135521  810.36
451.865026442  970.6
-150.207597073  649.4
-34.9183095128  985.2
-468.361995227  964.8
1169.5108995  971.0
-990.275215896  766.2
-659.718018514  395.04
-1458.22275688  614.4
316.369223314  875.0
-687.739703227  653.4
-614.070260647  867.24
-989.620952527  907.6
203.013569973  541.0
117.219134641  531.8
-1180.89757022  722.0
-590.940688852  898.4
-14.5010717491  902.0
-279.996949419  463.6
314.436981599  521.2
-308.077250571  459.6
395.894142573  294.7
1624.38722365  744.8
-266.080458176  762.6
-370.238434147  670.23
-1845.09918242  894.0
-445.185175956  979.8
-370.686707209  947.6
-801.453766689  627.6
94.7454081138  875.0
-803.4780634  589.0
803.286017638  795.0
2239.29318707  955.4
457.886796466  975.8
2004.32658695  850.0
717.643624965  978.0
-638.307934754  459.0
-127.5089995  552.8
32.996025437  976.2
-5.17396263871  458.8
-349.268326402  482.8
-682.216135618  926.0
456.086982797  943.2
-547.122873569  700.29
342.6344683  318.5
-138.649309058  494.6
-208.753208491  365.44
1261.79475574  747.0
-291.667132663  936.6
339.473483162  467.4
-988.239463946  979.4
347.817186213  858.33
-1319.52517423  969.0
-155.244811075  759.8
-14.0584502521  410.8
-384.096404715  954.2
1207.70206606  477.0
-824.123171191  741.4
1524.77823356  994.8
-2390.87272006  924.8
-645.041775417  848.3
-235.796855511  462.32
61.9044855468  664.8
-298.393147759  445.0
451.327396303  974.6
-165.441602848  977.0
-538.420186175  468.6
-922.81404496  793.6
-783.0364865  463.2
-1734.24990217  869.8
-1054.42795412  874.8
-598.790746702  750.4
-1021.81191678  872.8
-428.082233131  884.2
-850.651643316  905.8
-959.243635359  975.4
585.828912861  484.8
42.8393718276  441.6
-94.8063707836  853.0
-213.740286497  321.58
198.001299984  641.8
-482.026331205  699.66
2233.76821591  743.8
-269.702561492  503.6
-378.643517707  574.6
-263.091496428  460.2
265.448230089  722.0
-49.4943359833  582.4
-936.484177128  926.4
54.4501779371  859.59
-242.233349684  299.6
-70.2769881072  698.04
-690.215633628  683.8
113.222544283  297.08
-631.36599535  458.0
924.097277256  885.6
-624.413286941  844.0
224.20692708  614.2
-767.447880476  805.0
-103.525599009  494.8
-346.714755385  401.4
-420.725711993  532.0
-20.6325081056  759.0
-710.342551533  447.4
-617.088764285  450.4
1161.08246374  577.2
-829.16761355  831.8
346.302150533  911.2
-93.6345765641  453.6
-773.552966884  950.4
-66.7500552341  457.0
100.709606687  441.0
-512.397754013  750.4
266.580903976  660.2
-524.095256935  515.6
212.342087542  467.28
360.870971535  438.6
-55.3021953856  432.0
-93.1547653164  469.2
17.0712629161  498.4
240.400158388  545.6
612.779575744  317.1
-159.286314459  485.4
679.856972127  834.4
529.120027788  821.4
-568.529806423  541.2
-260.769763306  485.2
-1423.6380403  564.2
667.428218208  267.8
-301.286065805  571.2
-866.799282793  548.8
-276.920859384  486.6
141.44447376  949.6
-793.740007544  661.2
66.4285377544  460.4
-330.257387214  435.2
-635.260243669  927.0
148.988320135  706.2
-1543.29542726  498.6
1020.88295531  472.4
-391.173579859  544.8
181.420261335  429.8
-1025.94791266  526.4
-375.861504619  572.2
297.620493828  766.2
150.1507373  425.74
-168.381789218  536.2
-654.969981493  874.0
-1067.59063159  702.4
-500.855571388  895.4
-202.028684498  493.2
137.894111615  670.6
339.365655681  817.8
-1103.05022583  491.8
1103.30372145  375.34
1165.12352723  574.0
-1235.81382168  710.4
-745.738605926  493.6
112.032428637  702.2
54.1181515885  490.0
96.6835612676  600.6
-507.875203821  693.4
-328.150132066  550.6
-98.9088386511  468.0
276.868469762  206.64
-14.730702352  766.9
118.059811288  390.51
37.3799608593  589.0
809.48320794  732.2
1012.92533289  438.0
-789.750518288  464.4
598.971713562  696.5
349.936531981  935.6
684.473823043  972.2
-14.74486572  229.5
-72.351467873  569.6
785.105539395  962.6
-294.707564879  438.8
686.773315049  312.76
-1513.47020566  598.2
-434.604346433  609.0
-619.281770614  591.0
437.921358936  266.1
38.2200376883  896.0
-499.56735523  684.2
-354.698807786  904.8
32.5976820375  680.4
-827.026916903  556.6
-1243.86516788  822.8
221.564923227  960.8
466.092014878  569.88
-50.0207712965  427.0
1342.07793442  925.8
135.224276463  978.6
677.045905162  623.6
258.457600439  443.8
532.383702364  997.6
-212.692867412  626.8
1063.90174122  792.8
603.458165426  640.4
132.185232679  621.0
1700.15652326  957.0
1488.7822699  648.6
-88.3698519318  519.8
68.638906244  978.8
-614.489256058  888.2
846.182682185  823.8
-209.432046391  551.6
974.091706938  666.2
2061.39641893  586.2
127.979683646  432.8
-393.402654752  814.0
-726.691314377  508.8
-1387.1745727  725.2
321.633339226  565.0
-391.014161686  499.6
165.909950069  598.0
856.529583254  547.6
228.226250579  405.44
-123.838297432  722.97
1289.70911329  627.0
329.960832434  413.28
455.945112522  607.8
99.4451184933  559.8
24.0205762572  405.63
-974.436977119  814.0
790.408629892  609.8
652.064691852  631.4
1738.35571775  621.6
-67.9925790034  754.5
-822.595460685  618.0
-582.08978049  805.0
-364.490630351  609.0
896.215920318  633.2
187.268911438  564.2
-134.16061026  590.0
510.744939922  629.6
-57.5385569214  791.2
673.844292461  662.2
885.960791129  938.8
-511.0711643  685.2
474.353845144  669.15
-758.624358286  821.0
986.219460063  649.4
-47.8771690981  258.57
1135.17657307  602.8
111.772325909  934.9
-709.238664827  599.6
6.23479893615  775.0
-169.988769938  957.6
-618.861209219  976.2
9.34159571412  962.6
281.666414076  643.6
1122.14168142  649.6
453.900619337  629.8
-1081.82606884  996.0
39.0157035831  694.2
-395.266868268  611.6
-863.434330203  454.6
-471.315643615  540.6
-93.4894930761  437.22
235.996770679  689.2
-189.079201325  902.88
-319.022233491  842.8
1068.03407413  493.5
794.425876475  436.8
-122.014185828  546.0
361.731505216  784.6
199.845583939  830.8
535.79951883  436.8
459.642497324  659.4
-1627.2350295  790.2
-482.508988238  823.6
-757.080525572  892.4
-1162.07150793  747.4
-1467.2372443  766.0
675.828003025  593.6
-1353.89286955  967.25
465.140125921  810.29
-1598.84905345  822.48
-189.291403872  727.8
-1067.89859373  607.89
-298.785653111  983.94
-530.842626717  890.79
479.236547958  896.77
-1029.07861905  763.14
-1286.60305665  718.52
-536.954100864  838.12
-1478.87469435  875.0
-596.5301405  772.0
90.7706556202  638.2
307.441107409  890.79
-221.221172509  647.0
483.397731924  369.0
-720.110549915  616.86
-1598.59327053  739.2
-502.825835571  981.5
185.909786543  768.2
-1047.48602279  741.0
-362.739164758  944.6
66.302112362  421.0
411.524042295  988.31
-9.74861835195  945.6
1023.16396886  761.0
-41.1970018508  570.6
576.726932562  819.8
-495.293851243  685.2
36.336531345  844.0
-131.745548165  505.8
-269.368045037  896.4
88.662861564  596.52
434.552858019  821.4
1152.04524558  746.0
818.539797199  621.0
112.646436075  556.83
748.490899016  932.19
946.454232616  701.2
104.615130032  565.8
-675.031550813  973.6
-953.90186588  761.8
-103.49530555  815.8
600.995162346  650.0
74.4420027557  652.4
277.136497854  456.4
474.150527349  613.4
-1173.96023066  699.6
-184.481611105  684.2
595.666544061  482.8
-420.320371356  632.2
-83.6697217104  722.0
-830.578319126  566.6
-675.601373453  413.8
1373.07720982  911.0
1208.93479282  433.4
246.273042427  818.0
-656.203230078  859.6
835.181291891  926.6
-532.706449967  501.6
-531.593716403  734.0
-184.844327325  463.4
124.517386809  630.6
-218.706594171  657.2
766.67491466  795.0
-368.298530358  779.0
446.871328673  638.8
116.147370707  480.4
534.049042187  688.6
-71.2871131491  472.64
1031.34772991  719.6
112.644878412  859.0
1474.77205168  552.6
297.184838246  617.2
-80.7402095948  606.8
53.7529924855  719.6
230.558289159  487.2
823.273024795  742.8
440.708078623  422.0
240.618981991  669.6
1210.19649044  921.8
1467.47598108  588.0
92.8009894173  613.4
4.26654118501  681.0
-73.6112835541  510.6
-57.7483758135  304.92
39.2380242862  589.41
-525.775109862  420.8
191.619681171  494.6
13.5731882996  595.26
137.573942983  300.3
599.672033669  915.2
-62.3848557081  680.2
-957.792614004  461.8
-2390.18354366  640.2
-515.170430543  906.2
499.911860869  451.6
-2148.16423402  817.0
166.624792196  486.63
205.422502197  201.24
1095.19350885  457.6
453.707957701  400.8
-1770.40512558  719.0
-216.014157965  711.6
740.857047131  668.2
-416.268110557  610.0
-586.984990067  414.6
-576.921360512  846.0
-682.227069186  517.8
278.262158976  624.2
239.534097563  646.8
759.074019106  414.6
-526.251707677  497.4
-1950.35103662  756.0
1116.75050819  690.4
-782.762805359  805.8
292.04396409  708.6
-348.772015858  554.6
-549.199661271  702.6
-853.332056465  859.8
279.264320398  875.6
-380.54283121  488.6
-2.19939051747  732.08
-1641.77939621  893.2
-265.113220755  736.8
-303.033370031  803.9
-240.382041811  426.2
-1843.43731031  723.0
-215.799326073  694.4
-1211.14726598  659.2
-564.90179574  288.96
425.76445287  813.0
-674.842880288  519.8
124.599833827  967.8
368.694571723  416.4
1184.53358253  420.2
-584.224473222  437.0
72.5890653156  516.78
626.481150411  456.8
1465.05825429  699.2
-782.927291095  974.6
-932.903397187  526.08
-1146.10115876  518.2
93.8096382409  701.8
-353.496612756  946.6
-552.538829473  418.8
-574.948343574  420.6
-375.407144958  781.4
-195.472235042  431.8
562.492520753  814.0
1188.54990575  473.0
-470.266951917  655.0
519.342661172  654.0
-941.305958493  616.6
572.888754601  409.4
1055.15870082  695.6
1118.21994815  408.0
407.941499486  402.4
-438.833680118  310.24
113.344716016  570.0
685.361501976  415.0
-88.5129753164  907.83
-633.869418099  454.4
823.822944383  661.8
490.132759503  418.41
1114.25743032  803.6
1275.14826328  429.2
-392.715076379  905.6
1219.1686167  693.8
669.031010687  427.2
-675.63633706  491.0
45.986506791  673.8
-170.065649232  466.6
2797.83296734  506.4
177.289143763  423.6
296.660222311  772.6
38.3361988024  402.6
-682.026642942  452.6
-465.5145539  478.8
-75.7191655248  598.23
-526.958530715  551.6
2118.20222705  417.8
896.518593664  435.8
175.145625616  517.6
-201.009481034  409.2
139.334708788  928.2
233.822577295  308.84
276.360476112  967.0
248.734162731  634.8
-3.60142655759  411.0
917.565091411  509.4
934.615836721  281.54
493.714060637  495.6
-508.496626162  546.8
1037.23367109  493.4
-703.770056435  499.0
-947.06596657  517.0
60.1915540924  493.4
299.474436523  689.2
537.881387401  871.4
-360.169734525  575.8
45.4707380902  850.95
221.68157217  313.08
14.4037197055  509.4
-191.738303559  480.8
645.773790448  489.0
-47.3797818527  561.4
435.304397862  482.0
-307.972134819  529.8
1900.38335145  697.2
865.546329059  651.6
-693.511671741  464.4
227.887891831  733.8
680.48768471  455.4
-767.969972539  587.6
187.677564931  576.6
-20.7293626654  366.66
-19.3351298495  493.4
-257.222112604  724.7
62.7556871348  516.6
256.221132055  812.8
248.137352756  468.4
2664.31826654  546.8
90.206765314  581.25
406.199642978  561.6
286.979556892  770.8
466.282389533  629.19
165.695661188  359.52
731.005086644  511.4
417.290065501  543.6
1152.93463609  679.0
54.2126441075  851.4
407.071794957  544.0
-788.029124526  871.0
-590.068240096  870.4
-733.691244682  431.4
1501.49379895  430.36
-525.996091077  577.4
105.625089088  576.8
-1235.70081707  869.2
536.464408846  649.2
64.0820957828  402.2
-680.031019355  610.8
-234.600391443  473.8
108.315530608  869.8
1380.12798187  338.52
2248.44513995  621.0
1506.28122183  538.8
374.687849558  452.9
2124.06643317  568.8
2995.32742935  774.0
531.259335659  873.8
1219.96140836  407.8
1691.13520773  532.6
1820.49433718  388.08
64.9617094046  665.4
1567.99028499  388.32
60.8225975927  667.6
1263.31362991  301.14
1648.33455238  741.0
1133.89530847  285.32
1565.037695  454.6
1634.98937245  400.8
-786.196477507  916.4
963.559311697  563.75
2556.27702329  535.8
2173.71802347  310.32
1284.85283779  320.32
1040.76475522  303.52
247.718228469  912.4
-432.154044222  553.0
162.66239299  581.28
794.129494393  654.6
154.10179275  387.68
1320.6809335  207.2
1949.83420183  483.8
1499.39088481  520.8
974.97120921  415.4
-587.827509431  568.6
-1185.21949237  776.2
2408.96716049  532.0
96.5658887595  719.55
2516.68221892  533.0
1494.91503432  187.11
1581.77066059  334.88
1486.03404619  206.55
1458.07014546  193.41
245.678063512  570.2
-848.498122786  969.6
1259.56075958  476.6
1036.85413827  249.6
1064.60107044  286.72
428.097246043  287.28
1763.21187442  312.48
506.61415924  651.8
859.775899145  409.44
637.015800054  423.8
2688.64765149  840.4
1834.2234267  480.8
1697.10678403  792.0
319.855332995  661.6
1495.92693883  322.14
1051.6657151  282.94
1456.98341061  911.0
65.1178210935  576.0
236.936506772  880.5
477.43295952  259.29
-858.316667407  522.2
2666.28741593  518.8
404.959592779  937.8
1183.05727783  297.5
138.319893988  645.93
424.019173128  599.8
1076.14180314  296.66
2073.07068039  587.16
1355.12259956  412.8
-439.363455566  631.68
672.070323919  709.4
-32.8025451887  596.8
585.263857578  648.0
881.718320651  347.52
356.395788045  720.4
-477.687810431  982.6
628.338621128  547.4
343.11275567  774.6
-1431.51806464  645.15
1147.51001163  301.42
-180.244458946  395.2
-650.881051044  889.65
-645.642297771  480.8
590.147585431  221.44
-761.114587334  716.45
609.244946069  394.72
862.261623  965.0
447.520739787  727.8
-116.024391181  705.2
1604.07803308  904.0
201.497225585  408.94
240.053230402  915.17
-446.55964582  755.55
1547.9622526  671.12
683.08239756  390.72
-676.716088358  418.1
-92.8756864699  786.14
1091.21033355  926.6
-101.583988845  268.56
203.951229211  932.4
2131.71462187  977.75
200.855094702  445.8
-711.641925869  567.64
473.333637543  925.52
553.532098543  896.5
2890.34230173  594.48
-9.66335804169  744.74
-490.148524765  666.25
1200.42816926  514.4
-580.818334779  995.2
7.05768638395  871.75
479.095339468  545.6
-291.59519216  607.2
-1458.8452851  687.0
614.936457192  888.5
876.261280323  777.2
416.755716557  933.25
316.943396591  880.25
-8.06655053342  836.5
1808.40342499  832.37
-242.136100485  734.0
-376.501530568  419.4
73.0420277776  989.75
-1062.52126524  549.93
-186.489465791  946.5
1555.71397449  749.34
185.023110718  289.3
-327.895805571  901.6
896.278646726  825.8
73.1679244407  923.6
2463.72312984  551.52
1218.65560853  661.6
1100.04519731  401.4
470.565979822  550.6
2393.24004276  896.4
-495.83974806  528.6
-532.996921634  698.8
-2078.00158818  624.96
-43.6020406759  634.8
-371.934668592  814.6
1027.97156154  889.25
482.962881267  484.4
211.528979837  469.6
834.596719049  730.8
-14.74486572  459.0
-857.183996911  624.2
1160.32310312  873.5
-22.0387959334  672.6
233.877986187  830.0
716.208302705  780.4
268.102526334  995.4
-326.834716429  651.96
469.732008205  642.8
378.910837398  868.0
-593.898177901  650.6
354.118790693  687.6
386.040473524  571.8
-115.031738334  405.48
-209.911793921  559.8
1256.44547016  585.0
-443.090086763  931.59
-706.987659497  703.6
-393.412276145  580.4
370.649108227  400.8
141.676926554  413.4
604.082098283  648.0
654.615529904  335.9
521.280237678  485.2
516.875936887  799.4
1261.38387697  654.6
-229.251718137  733.6
-261.91268903  577.0
-1168.7678163  436.6
1005.83857813  688.0
839.965503775  615.4
207.842211147  474.6
1576.44920266  533.6
711.443905677  284.22
676.766211597  614.2
578.838155651  664.2
86.4565352899  512.0
684.874922999  421.26
333.296803643  442.6
859.005985311  411.2
214.761631089  589.2
758.12185534  430.2
84.351031419  520.8
505.580643852  209.88
666.287449348  451.6
-228.664203176  645.4
943.889520458  611.8
0.640630616037  406.2
246.019498417  511.0
-1547.70873054  477.8
1169.60116177  618.0
-80.0822669401  485.6
798.331298347  215.19
146.206116216  856.24
975.572662847  643.2
-130.00381327  629.0
-240.238987227  528.6
-79.143617626  615.8
488.481091436  512.2
1439.07209569  777.92
32.5918623364  911.4
777.104041523  627.6
-524.499901541  594.2
1723.80880394  454.8
262.153012388  819.92
54.5497197407  541.2
-181.732598967  437.0
150.885538848  934.6
90.611954301  575.8
1429.01007399  533.6
-213.160218628  861.2
-644.872483811  777.2
-1503.67624755  689.58
-540.94305784  858.8
1134.79271961  899.8
579.61583038  751.0
-826.829627071  953.4
-656.959531818  362.88
810.805182695  540.6
1696.4051201  561.54
-145.126671235  476.6
-433.822930712  915.0
916.395382117  911.8
-200.320868585  638.8
-879.260352737  930.0
-279.354497451  553.0
350.127391618  598.4
237.535392857  576.0
-679.9777494  489.8
-550.631121452  646.6
790.089659555  551.0
1023.44918168  809.8
-466.248016576  871.2
470.913604405  557.2
199.958958549  520.0
403.059144595  522.0
-426.559713997  431.2
-900.589831013  249.21
-470.596316788  930.4
451.481640204  459.2
786.914725471  872.8
-636.588132671  530.0
-650.448245216  542.6
221.561198547  553.8
118.063213913  728.8
172.958099602  190.26
485.218067621  503.8
219.115526259  501.8
1103.03121028  633.6
845.919341233  900.0
-900.008054009  550.2
-566.652726329  363.87
143.635717944  558.4
-1166.18969158  659.52
-322.862770884  499.4
259.115948156  926.6
845.644555152  677.07
43.3503609928  539.0
-844.284695952  740.6
626.016368605  502.2
-218.118802059  761.6
283.197763038  989.6
-377.964922473  984.6
-830.705699008  921.0
309.977184659  469.8
-488.265291603  435.8
-1918.88853736  926.0
405.72291706  587.0
-6.57879725845  816.4
-1131.40668655  908.8
-508.522473191  565.6
-450.90839623  618.4
208.175972417  893.0
-1326.15075552  771.4
70.8634039215  787.8
672.397526069  625.2
143.811919338  872.8
-1264.82663232  485.8
-480.683450762  967.0
-265.785333727  612.2
141.7322487  773.6
173.653843017  924.5
-150.29730527  443.8
-718.785225347  907.4
2107.18055201  964.6
778.850553058  854.6
-251.596583867  432.6
-354.908423982  311.2
-626.110400489  969.4
-436.06984839  433.8
-279.558791112  715.6
-581.848497992  809.4
1171.18252581  718.2
-138.651692192  943.23
836.189386722  404.0
241.312161395  887.6
-131.845897325  249.04
1288.69548607  510.4
35.161559072  282.66
2445.88123082  876.8
117.411421335  430.8
-54.9251292549  458.28
-565.243857708  428.6
520.221778506  995.4
-1702.33884457  913.6
-901.269349182  401.4
360.559202379  641.8
-256.669495682  429.2
6.3367081488  962.0
135.375845634  417.6
77.9516967927  976.2
814.102919635  806.0
-420.281173857  965.6
388.482370902  979.6
-295.951076006  599.4
-251.884916201  796.4
1807.87456561  972.8
54.9945565345  949.8
728.172226478  767.4
42.3924580425  845.2
-979.413168974  745.6
-114.869384701  915.6
216.545408893  299.04
559.876799201  590.2
-464.107881122  598.8
-746.936009335  705.8
-602.618942754  929.6
129.237837706  702.4
-1156.72780809  799.8
-1028.86460483  742.16
-66.1981060488  286.86
708.473689004  826.2
149.098026323  858.4
31.1078162244  461.8
-1235.08112626  488.8
609.447310083  561.0
493.219790566  609.4
394.873187625  419.2
-1589.74707884  890.2
476.684881856  742.0
173.511319328  749.4
-0.953776262945  611.6
-1405.31522709  665.6
1479.40853872  924.0
125.268836908  938.0
-372.218530627  439.6
-1137.50934011  483.2
-864.401084984  516.8
568.748017078  818.4
1477.1116312  493.0
-1093.86509089  499.2
-329.13265875  445.0
-880.522224247  878.0
-340.296965316  800.19
118.097416241  800.6
-11.5091213672  479.2
1619.43637469  862.4
67.2938732905  309.68
-125.63205543  409.2
-41.1813068002  403.4
-400.674502798  418.2
497.071116146  991.2
-1235.30805815  909.0
-255.02927054  689.4
-553.738591965  464.6
-467.719033495  472.8
515.138514903  573.6
526.606971496  536.8
98.0952854207  598.2
-65.300194031  934.4
-334.63816356  932.0
-484.009758101  729.4
1235.97203005  949.8
691.805964915  680.6
1064.4965322  964.8
1307.41752685  704.4
1351.39480868  484.2
260.332166826  626.2
111.897150915  562.2
496.346035988  473.8
748.326498362  904.6
-147.727702504  453.2
-1438.58457438  471.8
1327.93259148  632.4
1705.88028862  694.8
-818.943497982  442.4
-695.417146293  948.2
238.789917909  838.2
-458.626569833  486.0
138.683303407  644.6
-481.539009826  745.6
1692.65289161  943.0
257.336420914  986.31
185.938686424  803.0
-203.320841394  667.0
166.392697119  425.2
-800.745327169  872.8
366.703570441  915.12
-110.658782727  693.0
64.3616886099  297.08
549.883333604  626.4
-190.094212664  258.48
564.230022368  848.0
-350.702040638  531.2
-21.5391117808  514.0
-0.218552838792  880.2
-536.962528308  639.2
-355.078203152  720.8
137.121637581  409.0
368.218273216  316.54
-600.672621546  698.0
-375.470136396  506.0
-208.195994284  723.8
487.563722039  625.6
-1357.02102879  977.2
254.140588156  441.2
1252.24183179  449.4
409.710172374  491.0
-147.086653203  435.8
-216.691378182  971.0
-604.346368375  538.4
-1668.04694433  513.2
-7.95138173281  691.2
155.503618093  322.84
-183.412012676  964.0
177.77499358  383.6
-248.47768366  680.6
852.157661628  494.6
105.684671216  478.4
577.748720274  907.6
-556.27482988  436.4
636.671837096  607.6
54.081981655  211.2
2008.56716888  770.8
464.119072924  434.0
-1392.0890325  773.0
1479.26321279  701.2
-234.359947055  704.2
-277.202590462  908.0
-322.655665617  409.4
676.319408841  497.4
51.8804165815  516.8
-200.67048349  542.6
-41.9317936278  961.2
-143.30914061  593.8
-204.068202068  919.0
1769.73837522  655.8
669.82239216  590.4
-379.255706355  693.6
-434.029687298  663.4
173.540061531  634.4
-354.081825796  664.2
-929.246871973  408.2
-586.513013401  417.4
-833.381995487  526.0
-7.86208754372  417.8
52.3238111276  427.7
-977.666323404  511.0
-329.749888998  901.2
-585.625432022  609.8
655.508970375  682.4
-423.822940568  824.0
383.704369552  840.0
51.1295383833  410.6
-490.756676507  414.8
1068.70563215  940.4
-1701.14295307  796.2
-1831.46587302  734.6
-1439.14877976  910.6
-176.169231436  815.4
1001.00116093  546.6
170.152126656  596.2
-1415.57138647  456.0
-174.955126772  869.2
-1690.37092499  454.6
152.223339333  458.6
1554.80943283  978.6
1106.05222043  929.0
955.982118779  787.2
-1330.35840608  905.8
-714.460585611  918.4
-980.33438864  874.4
174.479714987  935.0
694.696811801  432.6
-366.53427718  433.26
-250.910204973  876.24
-553.949586698  204.03
-59.9845281844  407.2
-135.598925934  755.84
-888.697264903  783.6
-59.2236655273  944.4
-163.126926985  945.4
-65.9829597081  904.2
-1524.29596747  672.6
-188.558079769  883.2
-58.5359092212  235.52
-670.749529531  995.6
-654.68515626  684.8
-849.098480379  985.8
-1054.46700244  896.2
-161.124410766  679.2
-1359.41717581  891.72
-133.214705808  942.6
365.323429159  775.4
-1024.18734811  786.0
-331.485414891  864.63
-383.489845661  427.2
-398.364414368  476.4
-320.072752445  757.35
709.438404068  755.4
-200.695882211  868.0
204.241151865  692.2
396.504581373  486.8
-1110.41275976  936.8
-338.223504928  608.6
112.821264183  514.8
-1287.39787852  965.6
1051.90244949  838.6
-224.262856742  483.4
2004.04016148  981.6
-1183.0422192  878.2
162.362790841  970.8
552.066814075  956.6
343.576256912  795.6
-1352.30588059  841.4
-979.88240516  406.8
-1034.37421985  996.4
-688.395902418  676.4
-632.058914677  536.72
195.722814805  229.68
-439.618692918  625.68
783.010825767  597.6
-508.048283744  991.0
190.836031538  734.0
175.651418453  414.4
-375.282402894  754.0
-273.243239703  904.4
172.465705934  759.78
-513.782408171  940.0
-671.816410976  553.6
320.243532096  546.4
1643.82870255  942.2
-461.459954223  626.0
-1872.18966667  992.6
-174.574727971  332.1
-779.585317302  420.2
-478.599682509  486.6
-251.947279128  492.2
-111.94367678  916.2
-137.29936099  658.4
-864.930767442  675.0
194.07510293  275.04
-1444.67481117  958.8
-399.658320525  955.6
-727.102238163  915.4
1306.33241747  557.4
-113.567780683  556.64
804.356584919  910.6
157.471752226  410.04
405.718861713  293.58
-1262.31399873  547.4
-1448.65494674  543.2
-910.663592586  880.6
183.162726548  670.4
-777.984938509  436.2
396.194995199  471.6
210.961632299  544.8
-23.226453552  925.6
284.211312536  411.76
-82.4403714889  716.67
301.525260802  934.6
458.427396676  971.8
-734.521463871  496.8
-703.128404187  630.6
310.559891057  404.8
892.752826975  441.0
-719.584226198  863.4
-555.577108464  472.6
209.456909708  601.0
-1352.49708884  929.4
-641.614442352  657.4
-106.257546875  674.4
-225.51384747  578.88
-714.150606359  933.6
498.000008087  792.8
-112.424198069  736.8
-774.81955176  960.6
-1598.72471038  887.4
284.766521485  361.44
-182.967500881  826.39
-18.7770694071  957.95
783.459103716  642.46
-257.500858304  914.48
163.98798769  305.06
-838.617822443  868.25
-224.313342271  696.0
-102.179266803  718.2
304.719798534  935.2
-139.316769598  720.8
90.2340272167  974.2
616.80514371  371.98
751.761096299  999.8
713.12762423  624.8
-32.5150901702  945.4
572.309076756  453.2
-563.444130672  988.8
596.609981706  396.81
842.395337699  968.6
1050.32226  805.2
-1093.33772721  676.4
-574.054768541  892.8
-674.847258877  411.2
-501.34493467  626.8
949.764476091  719.8
-202.054656625  765.0
-471.086601983  617.0
1031.93520194  841.6
1244.44398832  875.2
-249.252579276  492.8
-549.363274483  584.8
-890.693749838  870.4
288.698077295  344.12
725.320027797  890.0
-330.749913887  619.8
340.428710999  679.4
-395.34989289  409.32
-109.382775  938.6
304.071747524  332.96
167.482818306  362.88
1038.89400848  687.4
156.924192226  408.38
-253.415441707  401.6
357.440388136  657.4
437.143669844  389.06
630.42433952  376.32
-455.324142972  419.0
43.402607692  845.4
-276.576470944  631.8
875.660021091  393.54
-1465.49437391  563.0
-612.344334546  483.8
958.902596657  609.8
287.005621106  600.0
-734.141259981  536.8
-382.024746349  406.4
453.933682439  481.4
-69.4932603744  467.4
-217.435454734  578.0
1625.95929748  620.0
-1264.53749814  574.8
-1286.12713867  930.0
-326.673939345  262.53
-125.114497854  566.8
458.937548055  582.2
-1577.97326766  849.8
375.918626467  920.6
625.382951344  631.8
248.947949864  588.0
600.428302553  830.6
-41.9009025378  367.08
-415.333628158  788.6
-1570.53181029  833.6
1357.48820931  899.0
-791.539812308  570.2
1152.38370473  458.2
18.8214581368  442.0
548.980794754  514.4
-586.233321549  745.2
-254.129752719  260.1
-1359.94584971  629.4
-158.131340931  500.2
156.049231273  844.6
-668.058064721  904.6
851.50183684  496.2
-585.676944552  857.6
-400.074817972  941.2
-3.40875688759  496.6
424.199031633  609.6
167.951228401  509.6
45.4236166581  338.32
-241.269384816  314.8
-573.795933672  878.8
30.8730582895  546.4
-870.145790688  699.0
-232.556283178  926.4
-241.837761947  956.4
833.485155359  901.4
-756.025038911  854.6
1695.57324055  900.0
-616.791536646  946.2
1138.92150351  482.6
-264.136908797  368.2
-1748.1355845  939.8
316.06894944  995.8
-1681.17303708  880.6
-1142.87152878  829.8
-1463.40627281  891.2
-140.400310138  291.34
-1217.76788191  411.21
586.351870127  335.79
-562.279915667  863.0
-80.2911845556  927.0
-205.119615599  500.0
-1470.83655482  970.4
287.783607197  485.4
-1630.90425335  828.0
-1415.10438956  999.0
336.701386215  599.0
261.04878417  455.4
-602.150937103  924.8
-1048.80419385  745.4
8.51101651022  333.62
-547.586846205  622.6
-371.768139374  928.6
-558.841141985  841.2
-1346.50557276  943.2
48.7310048632  894.0
1644.91435169  635.8
878.669634458  491.8
-1178.32274896  679.0
-632.2801789  874.6
354.333220949  451.6
-1245.02306721  872.2
64.3473749973  407.52
235.198921454  950.8
-249.204387285  456.2
-283.025917119  440.2
-362.084911172  578.4
683.41741452  564.6
-383.307528386  634.0
-369.745014949  866.0
571.246468591  895.4
71.6228120642  902.6
-729.140067716  451.0
-653.662822828  478.6
-1514.08147314  420.8
156.725234935  978.4
527.508410349  976.2
-105.615456908  311.22
24.2988652928  372.96
-1677.4963803  722.8
-276.378845603  462.0
339.707378275  842.6
-1230.86417318  662.6
-510.489402761  445.8
-328.550611664  452.4
-116.852812955  885.4
-973.361797622  574.8
469.953420608  892.0
-602.794619947  377.16
-33.0048938039  398.72
88.4915716851  565.2
126.261284414  380.1
-957.021909753  473.0
241.181442397  820.6
-442.176669002  828.4
-1646.88964401  984.8
420.01126271  936.6
-782.970319067  815.0
-190.39119008  569.6
-1018.00932618  989.0
-1279.31951853  998.4
-718.310295852  995.2
-624.101249749  460.0
-897.97551976  804.8
1535.67502231  728.19
-1472.32041307  781.6
-1130.30566062  971.8
-191.896262171  541.8
-63.2641508769  252.32
-455.333745475  515.0
536.704221404  783.6
-268.89305667  433.2
-392.687058631  892.0
257.242582287  918.2
-992.040132239  961.6
369.351474133  888.6
-697.977160084  650.8
-329.735300002  910.2
-2113.38360024  792.4
-856.936449032  909.4
-618.122000291  470.4
-387.512147625  495.0
-937.64716806  823.6
1150.00767003  848.0
-364.353051177  453.8
610.591138231  939.8
-565.785719853  508.0
-681.414004945  655.0
-567.248208057  913.4
2054.20724598  670.8
590.241270614  326.34
-716.575313308  905.49
-722.026881706  872.4
-606.937654931  647.4
-272.799129163  374.4
-514.987013223  491.6
-101.896544358  746.0
312.621741529  782.2
-682.633763891  617.4
-467.663633759  564.8
338.439128608  521.2
-185.114695861  283.32
-422.106657987  965.2
809.567507279  833.6
67.4132752544  803.7
285.101889342  892.0
-554.829768873  897.2
-390.899956575  547.8
-444.100823728  419.4
-606.671204639  537.8
568.698877534  859.2
-109.868857782  450.2
23.5133582504  441.8
-820.818810288  416.2
-1275.97855016  728.6
-908.900869151  949.4
-690.866916638  576.0
697.82358481  679.0
-620.858389705  570.2
-1800.43151752  909.0
-1000.94438007  873.0
-473.157805376  555.4
-657.139936501  486.8
138.156734045  499.6
-1351.65286477  870.4
179.618040364  991.6
-137.534697955  440.0
-1187.90563407  899.2
59.1722400177  892.0
542.155872997  620.2
325.667481217  401.0
-1261.16406813  590.2
942.096268406  902.2
-355.56940524  643.6
-619.156214117  402.8
2615.75730705  917.0
-1831.68884997  998.2
-273.487602346  709.8
-236.920606917  757.6
15.5304128453  623.4
-148.295762216  904.4
-981.089380479  621.6
-2003.77750121  626.0
-1381.37678202  673.8
-641.754470475  831.06
-774.964774775  831.0
-644.122652662  786.0
320.541232058  906.4
-700.63527118  623.8
-1083.62248513  899.4
-477.228238309  674.8
-631.861590019  870.0
-1174.2111893  815.8
635.577266688  671.2
-114.419972043  787.0
620.282101267  854.4
147.337299676  869.6
-1227.64215897  606.4
-579.490511433  460.6
-77.159538379  184.56
-549.111099109  870.6
879.487225819  653.8
-502.100598198  918.6
-1040.90674781  443.66
416.960527551  628.4
-412.232501699  644.2
-1218.94473338  766.4
-359.309565279  493.6
-593.743506315  751.6
37.7463514486  916.6
-1040.66245405  462.6
-823.236984636  450.8
602.167401272  767.0
-980.22792859  690.8
205.917827953  762.2
1278.51964095  681.6
-246.559189013  632.0
-1422.56563125  512.0
-118.814102974  637.4
-527.448122664  717.25
-891.158815193  534.2
408.917483555  803.2
-899.095840668  653.2
-633.554390852  407.04
326.682464917  784.8
-562.881296852  827.25
-404.699119683  363.72
-1776.14542435  684.0
1128.54342115  769.2
-1404.26927628  714.2
-144.675730341  411.21
667.906130408  725.4
-504.334497579  679.4
1767.60433423  947.6
-1219.96731184  913.2
558.834035255  698.4
-430.321533764  700.2
-153.797972943  674.2
-1254.96674382  714.6
1401.26711134  465.6
-169.880174163  944.0
-796.465332324  705.6
244.092017132  927.8
-498.819297909  507.2
456.74268118  988.0
686.995144838  679.8
-496.18399482  624.6
-1683.30422156  745.6
134.065319436  732.0
-1339.66715414  969.6
-385.208280557  643.6
-193.986511776  630.8
-186.650256596  281.79
543.150126503  955.0
-1938.92827386  993.2
1809.4857891  861.2
-1225.76277252  976.2
-1882.40894985  769.2
-296.374538941  467.2
1804.16176293  969.0
-60.4550524296  953.0
865.49857084  961.2
56.7680357123  407.54
918.632288358  674.4
1091.0890365  972.8
631.625670872  694.4
473.126538112  903.8
-613.910747987  767.6
1097.66059914  535.4
107.880387052  960.2
-972.070365239  972.2
136.245610931  927.6
257.940301624  720.6
-258.539509767  449.4
-497.50249755  525.2
-319.015955633  894.6
-1330.15527335  978.4
-686.560244066  955.4
-308.074611545  612.2
498.319752593  780.0
736.151749208  512.2
191.146820481  905.6
47.2509482419  988.0
2508.664539  959.0
-335.282344046  993.8
-973.024431278  708.12
253.448127422  766.89
132.926256071  991.4
-1775.91553481  987.0
-78.609129733  388.72
-98.3493969243  722.4
1633.52945907  909.2
-847.196689941  813.0
-157.166548325  418.8
226.917453139  974.6
930.019034116  873.2
-883.956539113  889.11
-583.607988014  444.5
-751.990424679  700.4
-902.785772383  934.8
-656.641423241  406.08
-219.537718968  601.0
926.684314572  973.59
-415.011626228  954.73
-667.771853471  980.03
141.019081474  736.6
-620.3294489  995.0
1009.96624177  408.6
-895.435515229  926.0
-2048.83558946  940.6
-1040.66984444  847.0
-89.9112062243  752.0
-990.90608928  875.6
866.234414118  988.0
-1569.81116119  928.4
-2374.85828349  733.4
-1676.10291289  888.8
-439.776904421  621.0
2132.50135065  780.84
463.723563984  793.2
-335.764516677  988.8
-2028.3149703  940.2
-1503.43892841  935.4
-513.782408171  940.0
-1832.16355699  497.2
47.6278432147  856.24
-291.029464423  525.4
-2431.64084175  970.4
-778.163696807  970.4
161.378455789  864.6
-634.511055518  846.2
65.3170165395  982.6
-1959.15469192  979.0
-1855.67201153  807.0
-1432.30414854  975.0
130.346422993  835.76
-805.328048896  865.89
92.2443285542  970.2
-2886.01839912  999.6
-2190.91740374  936.5
-685.618695988  981.6
